18 209
2 17 83945
16 17 4581
6 15 82681
9 1 46767
11 14 468992
11 2 534834
8 11 128609
14 17 40960
15 12 502345
8 2 368042
12 11 627227
10 1 52225
5 6 833991
12 9 607900
2 11 163318
5 15 866684
9 8 482307
15 13 144354
14 12 209480
17 12 977865
9 6 481724
15 10 85818
14 5 795620
5 1 17889
16 1 714691
1 14 969427
13 7 487204
7 2 327616
11 15 693408
10 8 841454
14 6 315758
6 12 620339
11 16 128457
9 12 879403
0 16 472164
4 10 16407
5 14 402670
12 10 80570
4 0 261706
13 12 12604
4 8 517091
5 17 834664
6 16 520033
6 0 841839
1 13 614145
0 6 586517
15 7 424133
2 4 727967
12 2 4250
15 4 890525
14 15 980988
8 6 463003
11 5 41859
3 0 614649
0 12 674733
11 1 796311
4 6 641986
1 10 712469
8 1 309605
11 10 408162
1 11 753952
2 9 370004
6 14 234236
1 9 247025
10 11 738042
12 7 747602
8 14 593535
1 15 135390
7 13 786880
15 5 455309
2 1 409994
0 5 169787
9 3 398946
5 2 730349
3 2 952915
14 11 665003
17 6 649539
9 17 401301
16 5 649327
2 3 154962
10 13 334929
8 3 622750
10 5 145871
17 2 80209
15 8 540881
5 11 910713
6 13 787136
17 3 519205
7 14 995459
4 11 410983
4 9 420766
12 16 171590
7 6 627343
9 10 986781
15 11 770271
5 16 180389
1 4 77009
11 0 550014
9 5 593981
4 2 671980
7 8 682091
4 12 602087
15 16 695896
3 15 688011
13 0 887196
1 5 672430
17 0 691329
5 0 894617
3 10 965964
16 12 628044
0 10 55844
4 16 874137
6 5 644274
5 10 872083
6 8 87076
4 14 889466
11 9 159458
12 17 754743
12 5 129196
4 13 579410
6 2 58097
10 14 840704
2 8 128561
0 8 100800
14 10 165774
2 16 347110
13 8 569979
15 1 387172
13 9 161748
13 16 485209
6 17 836020
17 16 534340
9 16 898930
9 13 883534
7 5 764539
1 8 560868
6 4 231134
9 7 604764
0 14 169595
16 15 970570
16 6 983462
4 17 73336
17 1 538925
6 7 800395
3 7 752465
16 0 465846
0 4 692981
8 4 100313
1 7 321971
3 16 136387
3 14 963140
16 13 425495
12 14 615176
3 13 70319
10 12 284878
12 3 152842
5 3 358567
14 2 338131
3 5 719389
11 7 630867
7 3 424128
3 17 60337
17 13 613249
14 8 225369
8 0 660846
16 8 538079
13 14 91712
3 4 334610
8 17 26536
1 3 524362
17 5 445815
6 11 579751
12 15 419732
7 12 734577
14 13 572758
9 11 610973
16 7 978507
13 5 146696
13 17 864661
16 4 43326
7 15 766523
0 7 182194
14 3 61330
13 11 81473
5 8 438082
8 16 915629
14 1 799389
11 12 720982
6 3 929612
9 4 874592
0 9 853704
17 11 531957
15 2 705928
12 1 456670
5 7 567067
2 7 645149
17 4 114103
1 12 708175
2 14 860497
7 0 296000
8 7 911833
16 3 215178
13 1 223359
6 9 963044
7 9 424420
9 14 688042
17 15 872254
13 4 143038
3 8 415001
